id
2018112714424432010017563367
2018112714424732010010000636
2018112714451332010005087304
2018112714483132010012471096
2018112714494132012109009808
2018112714502532010007030844
2018112714513932010013400002
2018112714584032012108087883
2018112715014832010012421974
2018112715024832010016138768
2018112714542332010015021227
2018112715034932010015492295
2018112715044732010015444183
2018112715093132010008108415
2018112715124932010015492295
2018112714403232010011275901
2018112714404532010014318712
2018112715362532010011086313
2018112715364932010007027023
2018112715450232010010199337
2018112715470432010018215488
2018112715512132010013196329
2018112716022132010014270185
2018112716042232010018117962
2018112716141832010012201213
